0       0       0
0.2     3.3     5.0
0.4     4.9     10.0
0.6     6.7     14.1
0.8     9.0     19.0
1.0     11.5    23.1
1.2     13.7    27.3
1.4     15.7    31.0
1.6     18.2    35.4
1.8     19.7    40.3
2.0     19.7    45.6
2.2     21.3    49.2
2.4     23.0    53.7
2.6     24.8    58.4
2.8     27.1    62.6
3.0     28.8    65.4
3.2     30.5    70.0
3.4     32.0    75.6
3.6     34.0    80.0
3.8     36.4    83.5
4.0     38.6    89.5
4.2     40.0    92.3
4.4     42.0    97.5
4.6     44.0    104.5
4.8     47.8    109.8
5.0     48.0    114.5