   0.00000000       0.00000000    
  0.100000001       0.00000000    
  0.200000003       1.00000005E-03
  0.300000012       5.00000035E-03
  0.400000006       1.40000004E-02
  0.500000000       3.00000012E-02
  0.600000024       5.49999997E-02
  0.700000048       9.10000056E-02
  0.800000072      0.140000015    
  0.900000095      0.204000026    
   1.00000012      0.285000056    
   1.10000014      0.385000080    
   1.20000017      0.506000102    
   1.30000019      0.650000155    
   1.40000021      0.819000244    
   1.50000024       1.01500034    
   1.60000026       1.24000037    
   1.70000029       1.49600053    
   1.80000031       1.78500068    
   1.90000033       2.10900068    
   2.00000024       2.47000074    
   2.10000014       2.87000084    
   2.20000005       3.31100082    
   2.29999995       3.79500079    
   2.39999986       4.32400084    
   2.49999976       4.90000057    
   2.59999967       5.52500057    
   2.69999957       6.20100021    
   2.79999948       6.92999983    
   2.89999938       7.71399975    
   2.99999928       8.55499935    
   3.09999919       9.45499897    
   3.19999909       10.4159985    
   3.29999900       11.4399977    
   3.39999890       12.5289974    
   3.49999881       13.6849966    
   3.59999871       14.9099960    
   3.69999862       16.2059956    
   3.79999852       17.5749950    
   3.89999843       19.0189934    
   3.99999833       20.5399914    
   4.09999847       22.1399899    
   4.19999838       23.8209877    
   4.29999828       25.5849857    
   4.39999819       27.4339848    
   4.49999809       29.3699837    
   4.59999800       31.3949814    
   4.69999790       33.5109787    
   4.79999781       35.7199783    
   4.89999771       38.0239754    
   4.99999762       40.4249725    
   5.09999752       42.9249687    
   5.19999743       45.5259666    
   5.29999733       48.2299652    
   5.39999723       51.0389633    
   5.49999714       53.9549599    
   5.59999704       56.9799576    
   5.69999695       60.1159554    
   5.79999685       63.3649521    
   5.89999676       66.7289505    
   5.99999666       70.2099457    
   6.09999657       73.8099442    
   6.19999647       77.5309372    
   6.29999638       81.3749313    
   6.39999628       85.3439255    
   6.49999619       89.4399185    
   6.59999609       93.6649170    
   6.69999599       98.0209122    
   6.79999590       102.509903    
   6.89999580       107.133896    
   6.99999571       111.894890    
   7.09999561       116.794884    
   7.19999552       121.835876    
   7.29999542       127.019867    
   7.39999533       132.348862    
   7.49999523       137.824860    
   7.59999514       143.449860    
   7.69999504       149.225845    
   7.79999495       155.154831    
   7.89999485       161.238831    
   7.99999475       167.479828    
   8.09999466       173.879822    
   8.19999504       180.440811    
   8.29999542       187.164810    
   8.39999580       194.053802    
   8.49999619       201.109802    
   8.59999657       208.334793    
   8.69999695       215.730789    
   8.79999733       223.299789    
   8.89999771       231.043793    
   8.99999809       238.964783    
   9.09999847       247.064774    
   9.19999886       255.345764    
   9.29999924       263.809753    
   9.39999962       272.458740    
   9.50000000       281.294739    
   9.60000038       290.319733    
   9.70000076       299.535736    
   9.80000114       308.944733    
   9.90000153       318.548737    
   10.0000019       328.349731    
